[sys]
step=108
[STEP0]
dire=0
total=0
data=0,0,0,0,0,0,0,1,0,0,0,1,0,0,0,0
[STEP1]
dire=4
total=2
data=1,0,0,2,0,0,0,0,0,0,0,0,0,0,0,0
[STEP2]
dire=2
total=2
data=1,2,1,0,0,0,0,0,0,0,0,0,0,0,0,0
[STEP3]
dire=1
total=2
data=0,1,2,1,0,0,0,0,0,0,0,0,0,0,0,1
[STEP4]
dire=3
total=4
data=1,0,0,0,0,0,0,0,0,0,0,0,0,1,2,2
[STEP5]
dire=2
total=8
data=1,1,0,0,0,0,0,0,0,0,0,0,1,4,0,0
[STEP6]
dire=4
total=10
data=2,1,0,0,0,4,0,0,0,0,0,0,0,0,0,1
[STEP7]
dire=1
total=10
data=0,0,2,1,0,0,0,4,0,0,0,0,0,0,1,1
[STEP8]
dire=4
total=10
data=0,0,2,1,0,0,1,4,0,0,0,1,0,0,0,1
[STEP9]
dire=2
total=10
data=2,1,1,0,1,4,0,0,1,0,0,0,1,0,0,0
[STEP10]
dire=3
total=12
data=0,0,0,0,2,0,0,0,1,1,0,0,2,4,1,1
[STEP11]
dire=2
total=16
data=0,0,0,0,2,0,0,0,2,0,0,0,2,4,2,1
[STEP12]
dire=1
total=16
data=1,0,0,0,0,0,0,2,0,0,0,2,2,4,2,1
[STEP13]
dire=4
total=20
data=1,4,2,4,2,0,0,1,1,0,0,0,0,0,0,0
[STEP14]
dire=2
total=20
data=1,4,2,4,2,1,0,0,1,0,0,0,0,0,0,1
[STEP15]
dire=3
total=20
data=1,0,0,0,1,0,0,0,2,4,0,4,1,1,2,1
[STEP16]
dire=4
total=22
data=2,4,2,4,2,1,0,1,1,0,0,0,0,0,0,1
[STEP17]
dire=2
total=24
data=2,4,2,4,2,2,0,0,1,0,0,0,1,0,0,1
[STEP18]
dire=1
total=30
data=2,4,2,4,1,0,0,4,0,0,0,1,0,0,0,2
[STEP19]
dire=1
total=30
data=2,4,2,4,1,0,1,4,0,0,0,1,0,0,0,2
[STEP20]
dire=2
total=32
data=2,4,2,4,2,4,0,0,1,0,0,0,2,0,0,1
[STEP21]
dire=3
total=44
data=0,0,0,0,4,0,0,1,1,0,0,4,2,8,2,1
[STEP22]
dire=1
total=44
data=1,0,0,0,0,0,4,1,0,0,1,4,2,8,2,1
[STEP23]
dire=4
total=44
data=1,8,4,1,2,0,1,4,0,0,2,1,0,0,0,1
[STEP24]
dire=2
total=44
data=1,8,4,1,2,1,4,1,2,1,0,0,1,0,0,0
[STEP25]
dire=3
total=60
data=1,0,0,0,1,0,0,0,4,8,0,0,1,2,8,2
[STEP26]
dire=2
total=60
data=1,1,0,0,1,0,0,0,4,8,0,0,1,2,8,2
[STEP27]
dire=1
total=62
data=0,0,0,2,0,0,0,1,1,0,4,8,1,2,8,2
[STEP28]
dire=2
total=62
data=2,0,0,0,1,0,0,0,1,4,8,1,1,2,8,2
[STEP29]
dire=1
total=62
data=0,0,0,2,1,0,0,1,1,4,8,1,1,2,8,2
[STEP30]
dire=2
total=64
data=2,0,0,0,2,0,0,1,1,4,8,1,1,2,8,2
[STEP31]
dire=1
total=64
data=0,0,0,2,1,0,2,1,1,4,8,1,1,2,8,2
[STEP32]
dire=2
total=64
data=2,0,0,0,1,2,1,1,1,4,8,1,1,2,8,2
[STEP33]
dire=1
total=66
data=0,0,0,2,1,1,2,2,1,4,8,1,1,2,8,2
[STEP34]
dire=2
total=72
data=2,1,0,0,2,4,0,0,1,4,8,1,1,2,8,2
[STEP35]
dire=1
total=72
data=1,0,2,1,0,0,2,4,1,4,8,1,1,2,8,2
[STEP36]
dire=2
total=72
data=1,2,1,1,2,4,0,0,1,4,8,1,1,2,8,2
[STEP37]
dire=1
total=74
data=1,1,2,2,0,0,2,4,1,4,8,1,1,2,8,2
[STEP38]
dire=2
total=80
data=2,4,0,0,2,4,0,1,1,4,8,1,1,2,8,2
[STEP39]
dire=1
total=80
data=0,0,2,4,1,2,4,1,1,4,8,1,1,2,8,2
[STEP40]
dire=2
total=80
data=2,4,0,1,1,2,4,1,1,4,8,1,1,2,8,2
[STEP41]
dire=1
total=80
data=1,2,4,1,1,2,4,1,1,4,8,1,1,2,8,2
[STEP42]
dire=2
total=80
data=1,2,4,1,1,2,4,1,1,4,8,1,1,2,8,2
[STEP43]
dire=3
total=114
data=0,0,0,0,1,4,0,1,2,4,8,2,2,2,16,2
[STEP44]
dire=4
total=130
data=1,8,8,1,4,2,16,4,1,0,0,0,0,0,0,0
[STEP45]
dire=1
total=146
data=0,1,16,1,4,2,16,4,0,0,0,1,0,0,0,1
[STEP46]
dire=2
total=146
data=1,16,1,1,4,2,16,4,1,0,0,0,1,0,0,0
[STEP47]
dire=3
total=148
data=1,0,0,0,1,0,0,0,4,16,1,1,2,2,16,4
[STEP48]
dire=1
total=154
data=0,0,0,1,0,0,0,1,0,4,16,2,1,4,16,4
[STEP49]
dire=4
total=196
data=1,8,32,2,1,0,0,2,0,0,0,4,0,0,0,0
[STEP50]
dire=2
total=196
data=1,8,32,2,1,2,0,0,4,0,0,0,0,0,0,1
[STEP51]
dire=3
total=198
data=1,0,0,0,0,0,0,0,2,8,0,2,4,2,32,1
[STEP52]
dire=1
total=198
data=1,0,0,1,0,0,0,0,0,2,8,2,4,2,32,1
[STEP53]
dire=4
total=202
data=1,4,8,1,4,0,32,2,1,0,0,1,0,0,0,0
[STEP54]
dire=2
total=204
data=1,4,8,1,4,32,2,0,2,0,0,0,0,0,0,1
[STEP55]
dire=3
total=206
data=0,0,0,0,1,0,0,0,4,4,8,1,2,32,2,2
[STEP56]
dire=3
total=206
data=0,0,0,0,1,0,0,1,4,4,8,1,2,32,2,2
[STEP57]
dire=1
total=220
data=0,0,0,0,0,0,0,2,0,8,8,1,1,2,32,4
[STEP58]
dire=4
total=220
data=1,8,8,2,0,2,32,1,0,0,0,4,0,0,0,1
[STEP59]
dire=2
total=236
data=1,16,2,1,2,32,1,0,4,0,0,0,1,0,0,0
[STEP60]
dire=3
total=236
data=1,1,0,0,2,0,0,0,4,16,2,0,1,32,1,1
[STEP61]
dire=1
total=240
data=0,0,0,2,0,0,0,2,0,4,16,2,1,1,32,2
[STEP62]
dire=4
total=248
data=1,4,16,4,1,1,32,4,0,0,0,0,0,0,0,0
[STEP63]
dire=2
total=250
data=1,4,16,4,2,32,4,1,0,0,0,0,0,0,0,0
[STEP64]
dire=1
total=250
data=1,4,16,4,2,32,4,1,0,0,0,0,0,0,0,1
[STEP65]
dire=3
total=252
data=1,0,0,0,0,0,0,0,1,4,16,4,2,32,4,2
[STEP66]
dire=4
total=254
data=2,4,16,4,2,32,4,2,1,0,0,0,0,0,0,0
[STEP67]
dire=1
total=254
data=2,4,16,4,2,32,4,2,1,0,0,1,0,0,0,0
[STEP68]
dire=1
total=256
data=2,4,16,4,2,32,4,2,0,0,0,2,0,0,0,1
[STEP69]
dire=3
total=264
data=0,0,0,0,0,0,0,4,1,4,16,4,4,32,4,1
[STEP70]
dire=2
total=264
data=0,0,0,0,4,0,0,1,1,4,16,4,4,32,4,1
[STEP71]
dire=4
total=264
data=4,4,16,1,1,32,4,4,4,0,0,1,0,0,0,1
[STEP72]
dire=1
total=280
data=0,8,16,1,0,1,32,8,0,0,4,1,0,0,1,1
[STEP73]
dire=4
total=282
data=1,8,16,1,0,1,32,8,0,0,4,2,0,0,1,0
[STEP74]
dire=2
total=282
data=1,8,16,1,1,32,8,1,4,2,0,0,1,0,0,0
[STEP75]
dire=1
total=282
data=1,8,16,1,1,32,8,1,0,0,4,2,0,0,1,1
[STEP76]
dire=3
total=286
data=0,0,16,0,0,0,8,2,1,8,4,2,2,32,1,1
[STEP77]
dire=3
total=290
data=0,0,16,0,0,0,8,1,1,8,4,4,2,32,1,1
[STEP78]
dire=2
total=300
data=16,1,0,0,8,1,0,0,1,8,8,0,2,32,2,0
[STEP79]
dire=3
total=302
data=16,0,0,0,8,2,0,0,1,8,8,0,2,32,2,1
[STEP80]
dire=1
total=318
data=0,0,0,16,0,0,8,2,1,0,1,16,2,32,2,1
[STEP81]
dire=2
total=320
data=16,0,0,0,8,2,0,0,2,16,0,1,2,32,2,1
[STEP82]
dire=3
total=326
data=0,0,0,0,16,2,0,0,8,16,0,1,4,32,2,2
[STEP83]
dire=2
total=330
data=1,0,0,0,16,2,0,0,8,16,1,0,4,32,4,0
[STEP84]
dire=3
total=330
data=1,0,0,0,16,2,0,0,8,16,1,0,4,32,4,1
[STEP85]
dire=2
total=330
data=1,1,0,0,16,2,0,0,8,16,1,0,4,32,4,1
[STEP86]
dire=1
total=332
data=1,0,0,2,0,0,16,2,0,8,16,1,4,32,4,1
[STEP87]
dire=3
total=370
data=1,0,0,0,0,0,0,0,1,8,32,4,4,32,4,2
[STEP88]
dire=2
total=370
data=1,1,0,0,0,0,0,0,1,8,32,4,4,32,4,2
[STEP89]
dire=3
total=372
data=1,0,0,0,0,1,0,0,2,8,32,4,4,32,4,2
[STEP90]
dire=2
total=372
data=1,0,0,0,1,0,0,1,2,8,32,4,4,32,4,2
[STEP91]
dire=1
total=374
data=0,0,0,1,1,0,0,2,2,8,32,4,4,32,4,2
[STEP92]
dire=3
total=374
data=1,0,0,1,1,0,0,2,2,8,32,4,4,32,4,2
[STEP93]
dire=2
total=376
data=2,1,0,0,1,2,0,0,2,8,32,4,4,32,4,2
[STEP94]
dire=1
total=376
data=1,0,2,1,0,0,1,2,2,8,32,4,4,32,4,2
[STEP95]
dire=2
total=376
data=1,2,1,0,1,2,0,1,2,8,32,4,4,32,4,2
[STEP96]
dire=4
total=382
data=2,4,1,1,2,8,32,4,4,32,4,2,1,0,0,0
[STEP97]
dire=2
total=384
data=2,4,2,0,2,8,32,4,4,32,4,2,1,0,0,1
[STEP98]
dire=4
total=388
data=4,4,2,4,4,8,32,2,1,32,4,1,0,0,0,1
[STEP99]
dire=2
total=396
data=8,2,4,1,4,8,32,2,1,32,4,1,1,0,0,0
[STEP100]
dire=1
total=396
data=8,2,4,1,4,8,32,2,1,32,4,1,0,0,1,1
[STEP101]
dire=4
total=398
data=8,2,4,1,4,8,32,2,1,32,4,2,0,0,1,1
[STEP102]
dire=2
total=400
data=8,2,4,1,4,8,32,2,1,32,4,2,2,0,0,1
[STEP103]
dire=4
total=404
data=8,2,4,1,4,8,32,4,1,32,4,1,2,1,0,0
[STEP104]
dire=2
total=404
data=8,2,4,1,4,8,32,4,1,32,4,1,2,1,0,1
[STEP105]
dire=4
total=406
data=8,2,4,1,4,8,32,4,1,32,4,2,2,1,1,0
[STEP106]
dire=2
total=408
data=8,2,4,1,4,8,32,4,1,32,4,2,2,2,1,0
[STEP107]
dire=4
total=408
data=8,2,4,1,4,8,32,4,1,32,4,2,2,2,1,1
[STEP108]
dire=3
total=408
data=8,2,4,1,4,8,32,4,1,32,4,2,2,2,1,1